迈  0.746479  0.028169  0.0774648  0.147887  
向  0.0415146  0.0168796  0.331204  0.610401  
充  0.902174  0.00724638  0.0887681  0.00181159  
满  0.442623  0.0874317  0.29918  0.170765  
希  0.918462  0.04  0.0338462  0.00769231  
望  0.0344108  0.0417101  0.869656  0.0542231  
的  0.000842182  0.00140974  0.0114061  0.986342  
新  0.503428  0.0403444  0.0940839  0.362143  
世  0.814815  0.109368  0.064488  0.011329  
纪  0.406518  0.093482  0.495712  0.00428816  
―  0.304672  0.245527  0.30169  0.148111  
年  0.143193  0.0649077  0.48495  0.306949  
讲  0.490909  0.00559441  0.0727273  0.430769  
话  0.229486  0.106071  0.557038  0.107405  
（  0.000466092  0.0055931  0  0.993941  
附  0.295673  0  0.00961538  0.694712  
图  0.655849  0.0301887  0.135094  0.178868  
片  0.0363036  0.0313531  0.810231  0.122112  
１  0.701693  0.188723  0.0462739  0.0633106  
张  0.140284  0.0289301  0.165939  0.664847  
中  0.518144  0.106149  0.0997359  0.275971  
共  0.493717  0.205236  0.103141  0.197906  
央  0.00466563  0.109642  0.885692  0  
总  0.813548  0.0663984  0.0144199  0.105634  
书  0.413934  0.17623  0.283958  0.125878  
记  0.730769  0.0324716  0.216583  0.0201765  
、  0  0  0  1  
国  0.341697  0.0488379  0.56522  0.0442453  
家  0.146832  0.0927951  0.628015  0.132358  
主  0.643906  0.250372  0.100191  0.00553074  
席  0.0373737  0.0535354  0.887879  0.0212121  
江  0.270781  0.0894207  0.263224  0.376574  
十  0.469893  0.267455  0.16956  0.093092  
二  0.261711  0.178638  0.31168  0.24797  
月  0.0345423  0.0377498  0.854676  0.0730323  
三  0.277144  0.139417  0.155894  0.427545  
一  0.391053  0.0864367  0.107889  0.414622  
日  0.22658  0.048433  0.684934  0.0400536  
２  0.580098  0.281161  0.0835717  0.0551696  
３  0.466403  0.269763  0.109684  0.15415  
，  2.69836e-005  0  0  0.999973  
泽  0.878834  0.0659509  0.0506135  0.00460123  
民  0.217941  0.168619  0.605117  0.00832306  
发  0.793563  0.0331454  0.14661  0.0266813  
表  0.572519  0.089313  0.325191  0.0129771  
《  0  0  0  1  
》  0  0  0  1  
。  4.09484e-005  0  0  0.999959  
华  0.254564  0.465381  0.247675  0.0323803  
社  0.48304  0.18304  0.328634  0.00528634  
者  0  0.0139282  0.966242  0.01983  
兰  0.121951  0.237251  0.600887  0.0399113  
红  0.538897  0.168317  0.157001  0.135785  
光  0.410387  0.095723  0.42057  0.0733198  
摄  0.302048  0.00170648  0.0870307  0.609215  
同  0.554483  0.0416569  0.257237  0.146623  
胞  0  0.0133929  0.986607  0  
们  0  0.000390396  0.834277  0.165333  
朋  0.813472  0.15544  0.0310881  0  
友  0.497751  0.023988  0.461769  0.0164918  
女  0.333333  0.0184332  0.246544  0.40169  
士  0.0881954  0.0868385  0.824966  0  
先  0.563924  0.0310127  0.314557  0.0905063  
生  0.499192  0.0881666  0.399533  0.0131083  
在  0.0234151  0.00758412  0.0845299  0.884471  
来  0.174192  0.0512331  0.5033  0.271275  
临  0.417293  0.0244361  0.503759  0.0545113  
之  0.402813  0.143166  0.0602236  0.393797  
际  0.00120919  0.076179  0.922007  0.000604595  
我  0.642885  0.00597763  0.0119553  0.339182  
分  0.448951  0.0720363  0.383154  0.0958593  
高  0.392402  0.07126  0.294714  0.241623  
兴  0.395429  0.126857  0.421714  0.056  
地  0.390404  0.0370117  0.247293  0.325291  
通  0.595674  0.0806988  0.299085  0.0245424  
过  0.315198  0.0130101  0.428445  0.243347  
人  0.443776  0.0770732  0.272138  0.207012  
广  0.859829  0.0102564  0.109972  0.019943  
播  0.228228  0.0600601  0.690691  0.021021  
电  0.503683  0.0767082  0.11049  0.309119  
台  0.347192  0.0393873  0.450766  0.162655  
和  0.0526091  0.0101467  0.0144952  0.922749  
视  0.0961538  0.227425  0.652174  0.0242475  
全  0.7663  0.0470053  0.129075  0.0576194  
各  0.711699  0.0470056  0  0.241295  
族  0  0.0357143  0.959656  0.00462963  
香  0.90099  0.0183876  0.0480905  0.0325318  
港  0.168373  0.0420933  0.732651  0.0568828  
特  0.737828  0.0959738  0.15309  0.0131086  
别  0.132764  0.0341615  0.792702  0.0403727  
行  0.219785  0.047546  0.713804  0.018865  
政  0.638794  0.179698  0.179095  0.00241206  
区  0.0783311  0.00942127  0.873755  0.0384926  
澳  0.519298  0.277193  0.101754  0.101754  
门  0.0856052  0.046892  0.81952  0.0479826  
湾  0.00218818  0.0393873  0.958425  0  
海  0.445176  0.0701176  0.446588  0.0381176  
外  0.496951  0.0762195  0.335705  0.0911247  
侨  0.405882  0  0.558824  0.0352941  
界  0.024109  0.0738994  0.896751  0.00524109  
致  0.408685  0.0881226  0.431673  0.0715198  
以  0.356709  0.028321  0.221848  0.393122  
诚  0.327586  0.0344828  0.591954  0.045977  
挚  0.166667  0  0.8  0.0333333  
问  0.682313  0.0480661  0.214795  0.0548254  
候  0.136364  0.0215311  0.834928  0.00717703  
良  0.578947  0.0294118  0.373065  0.0185759  
好  0.125607  0.0329632  0.404233  0.437196  
祝  0.57754  0.013369  0.192513  0.216578  
愿  0.241573  0.172285  0.393258  0.192884  
是  0.0149565  0.00252174  0.112435  0.870087  
展  0.086381  0.00740408  0.901055  0.00516042  
历  0.820607  0.0183993  0.157314  0.00367985  
史  0.0666004  0.0616302  0.828032  0.0437376  
上  0.29748  0.0159848  0.166351  0.520184  
非  0.496781  0.0643777  0.329399  0.109442  
常  0.385493  0.0643847  0.465363  0.0847596  
重  0.694732  0.0257121  0.241744  0.0378119  
要  0.123457  0.0115929  0.428636  0.436314  
很  0.164371  0.000918274  0  0.834711  
不  0.376728  0.119443  0.027441  0.476388  
平  0.334342  0.0605144  0.574887  0.0302572  
凡  0.197802  0.0824176  0.445055  0.274725  
决  0.470494  0.0171674  0.509657  0.0026824  
心  0.231439  0.0909091  0.631061  0.0465909  
继  0.870844  0.0153453  0.0754476  0.0383632  
承  0.767355  0.0318949  0.195122  0.00562852  
邓  0.00881057  0.00440529  0  0.986784  
小  0.602429  0.102233  0.0614963  0.233843  
志  0.227446  0.0247776  0.730623  0.0171537  
遗  0.921212  0.0606061  0.00606061  0.0121212  
续  0.00527241  0.0281195  0.962214  0.00439367  
把  0.042042  0.0204204  0.00720721  0.93033  
建  0.775349  0.0262791  0.154419  0.0439535  
设  0.318513  0.0257034  0.635637  0.0201459  
有  0.259654  0.0623347  0.28249  0.395521  
色  0.0737179  0.232906  0.680556  0.0128205  
会  0.208612  0.122018  0.565243  0.104127  
义  0.0942598  0.0386707  0.865257  0.00181269  
事  0.411108  0.14842  0.367699  0.0727737  
业  0.0497026  0.0768011  0.871778  0.00171844  
推  0.96246  0.00878594  0.00319489  0.0255591  
前  0.246172  0.0191402  0.516196  0.218492  
进  0.603696  0.0199739  0.304461  0.0718686  
府  0.00414938  0.017783  0.977475  0.000592768  
顺  0.77381  0.0357143  0.160714  0.0297619  
利  0.393096  0.197105  0.391611  0.0181886  
恢  0.969072  0.0154639  0.0103093  0.00515464  
复  0.400332  0.0598007  0.528239  0.0116279  
对  0.18777  0.0339928  0.109892  0.668345  
使  0.191267  0.0194589  0.173232  0.616042  
权  0.292222  0.0422222  0.602222  0.0633333  
并  0.121764  0.0201342  0.115532  0.74257  
按  0.551118  0.0463259  0.0271565  0.375399  
照  0.341642  0.0190616  0.609971  0.0293255  
“  0  0  0  1  
两  0.220281  0.0383593  0.0113938  0.729966  
制  0.377178  0.036295  0.580139  0.00638792  
”  0  0  0  1  
治  0.209302  0.32611  0.427061  0.0375264  
度  0.0180847  0.0156186  0.949856  0.0164406  
自  0.733679  0.0811254  0.110899  0.0742966  
方  0.461165  0.112806  0.392973  0.0330559  
针  0.38  0.0355556  0.562222  0.0222222  
保  0.818607  0.0561331  0.107588  0.0176715  
持  0.163305  0.0393507  0.776193  0.021151  
繁  0.807122  0.0712166  0.118694  0.00296736  
荣  0.370618  0.0450751  0.520868  0.0634391  
稳  0.854756  0.0462725  0.066838  0.0321337  
定  0.0912291  0.0486946  0.837196  0.0228806  
产  0.425808  0.178501  0.38514  0.0105518  
党  0.420061  0.0707148  0.204074  0.30515  
成  0.515645  0.0362306  0.359744  0.0883806  
功  0.304459  0.124841  0.53758  0.033121  
召  0.790761  0.0326087  0.173913  0.00271739  
开  0.690858  0.0430333  0.198186  0.0679228  
了  0.0232558  0.00203285  0.0452919  0.929419  
第  0.911647  0.0875502  0.000803213  0  
五  0.193878  0.379592  0.195238  0.231293  
次  0.0225564  0.0221141  0.479434  0.475896  
代  0.3124  0.1972  0.4356  0.0548  
大  0.451965  0.0861536  0.259825  0.202056  
举  0.667915  0.0424469  0.270911  0.0187266  
伟  0.658281  0.0104822  0.245283  0.0859539  
旗  0.517123  0.0719178  0.356164  0.0547945  
帜  0  0.0425532  0.957447  0  
结  0.75  0.0232108  0.206963  0.0198259  
百  0.318993  0.273872  0.268625  0.13851  
跨  0.32618  0.0944206  0.0343348  0.545064  
动  0.148652  0.117804  0.719456  0.0140879  
纲  0.701299  0.0519481  0.194805  0.0519481  
领  0.819187  0.0543767  0.10389  0.0225464  
这  0.507204  0.00139427  0  0.491402  
改  0.8893  0.00987654  0.0522634  0.0485597  
革  0.185882  0.0311765  0.781765  0.00117647  
放  0.179712  0.216656  0.481528  0.122104  
现  0.443281  0.00792029  0.530148  0.018651  
化  0.0586028  0.0435912  0.893476  0.00433025  
经  0.73229  0.135948  0.10045  0.031313  
济  0.0309537  0.109314  0.858896  0.000836587  
增  0.903377  0.0187617  0.0483114  0.0295497  
长  0.242649  0.0605533  0.626443  0.070355  
低  0.273846  0.0461538  0.318462  0.361538  
胀  0  0.0614035  0.938596  0  
态  0.309021  0.0403071  0.646833  0.00383877  
势  0.155576  0.0323741  0.802158  0.00989209  
农  0.916436  0.0464632  0.0273925  0.00970874  
再  0.264414  0.0218688  0.117296  0.596421  
获  0.59919  0.00269906  0.222672  0.175439  
得  0.193485  0.0444225  0.485028  0.277065  
收  0.580607  0.0868531  0.274836  0.0577037  
企  0.915362  0.0659955  0.0175242  0.00111857  
深  0.77426  0.0461115  0.0812113  0.0984171  
活  0.541415  0.0263158  0.399051  0.0332183  
步  0.141636  0.030525  0.754579  0.0732601  
善  0.138934  0.0161551  0.82391  0.0210016  
技  0.5  0.109135  0.389423  0.00144231  
术  0.00572792  0.128401  0.863484  0.00238663  
合  0.429084  0.178336  0.376421  0.016158  
作  0.328272  0.0524043  0.570939  0.0483847  
与  0.0510386  0.0249258  0.0679525  0.856083  
交  0.616845  0.133885  0.197663  0.0516066  
流  0.408284  0.0929839  0.461538  0.0371936  
断  0.0586592  0.0195531  0.837989  0.0837989  
扩  0.943662  0.00234742  0  0.0539906  
法  0.29339  0.105829  0.563334  0.0374471  
精  0.814704  0.161984  0.00478183  0.0185296  
神  0.156607  0.234095  0.588091  0.0212072  
文  0.721689  0.119068  0.137118  0.0221252  
明  0.322653  0.0637109  0.592772  0.0208644  
其  0.52381  0.0284178  0.131336  0.316436  
他  0.306535  0.00300946  0.0851247  0.605331  
项  0.32482  0.00523903  0.29666  0.373281  
都  0.0163934  0.0198447  0.149267  0.814495  
关  0.540888  0.0340737  0.411408  0.0136295  
注  0.571685  0.0537634  0.362007  0.0125448  
最  0.48271  0.000473709  0.000473709  0.516343  
近  0.322056  0.0123617  0.298634  0.366949  
个  0.0706742  0.0108855  0.495532  0.422908  
时  0.326383  0.0284889  0.407514  0.237614  
期  0.236164  0.0449315  0.675616  0.0432877  
些  0.00290839  0.0111488  0.926321  0.0596219  
金  0.490778  0.0650995  0.385895  0.0582278  
融  0.107011  0.0728782  0.806273  0.0138376  
风  0.481029  0.104823  0.368489  0.0456592  
波  0.533557  0.177852  0.223154  0.0654362  
相  0.648813  0.0864273  0.127206  0.137553  
信  0.562302  0.0588235  0.330803  0.0480708  
努  0.944954  0.0495413  0.00366972  0.00183486  
力  0.156362  0.0464997  0.790751  0.00638733  
及  0.181011  0.0183232  0.429761  0.370905  
情  0.491866  0.0466377  0.405098  0.0563991  
况  0.0083632  0.00597372  0.984468  0.00119474  
逐  0.876963  0.0418848  0.0706806  0.0104712  
到  0.0397018  0.0260055  0.431865  0.502427  
缓  0.6125  0.00625  0.2875  0.09375  
解  0.632039  0.0830097  0.272816  0.0121359  
说  0.0705446  0.00649752  0.134592  0.788366  
局  0.194005  0.0164027  0.742081  0.0475113  
工  0.686004  0.0515654  0.260129  0.00230203  
取  0.456474  0.0146899  0.497824  0.031012  
果  0.0736589  0.0176141  0.886309  0.0224179  
层  0.209449  0.0661417  0.609449  0.114961  
互  0.490991  0.0923423  0.362613  0.0540541  
访  0.452414  0.0482759  0.430345  0.0689655  
美  0.754622  0.0184874  0.0894118  0.137479  
俄  0.467262  0.0267857  0  0.505952  
罗  0.168701  0.517203  0.0710322  0.243063  
斯  0.042735  0.404558  0.546059  0.00664767  
本  0.501203  0.0470357  0.379567  0.0721943  
等  0.0690476  0.0407738  0.0723214  0.817857  
确  0.439427  0.0154185  0.513216  0.0319383  
双  0.818302  0.0477454  0.0331565  0.100796  
系  0.263359  0.0305344  0.686599  0.0195081  
未  0.466667  0.0622222  0.161481  0.30963  
目  0.537295  0.0345554  0.42225  0.00589971  
标  0.423174  0.0730479  0.497061  0.00671704  
指  0.894529  0.0164799  0.0204351  0.0685564  
导  0.122723  0.142671  0.732871  0.00173461  
周  0.391421  0.0268097  0.0893655  0.492404  
边  0.291531  0.0374593  0.511401  0.159609  
加  0.553513  0.0554336  0.351262  0.0397914  
强  0.359464  0.0223396  0.51909  0.0991064  
积  0.774283  0.0286772  0.185939  0.0111008  
极  0.167093  0.114237  0.599318  0.119352  
参  0.939781  0.0419708  0.0136861  0.00456204  
亚  0.315871  0.087057  0.57473  0.0223421  
太  0.471869  0.174229  0.0707804  0.283122  
组  0.653259  0.0682281  0.258656  0.0198574  
织  0.00651769  0.0782123  0.910615  0.00465549  
东  0.485117  0.10705  0.360836  0.0469974  
盟  0.0672043  0.00268817  0.919355  0.0107527  
韩  0.552147  0.00613497  0.00306748  0.43865  
首  0.603312  0.0212934  0.090694  0.2847  
脑  0.178886  0.0938416  0.680352  0.0469208  
正  0.598745  0.0420087  0.182038  0.177209  
式  0.00150038  0.0262566  0.964741  0.00750188  
晤  0.0319149  0.0425532  0.904255  0.0212766  
符  0.773481  0.0276243  0.0718232  0.127072  
题  0.0526081  0.0156041  0.910834  0.0209541  
应  0.415496  0.0300242  0.272155  0.282324  
走  0.362764  0.0422265  0.059501  0.535509  
多  0.186846  0.0520917  0.179606  0.581456  
趋  0.704918  0.0163934  0.143443  0.135246  
于  0.0290005  0.0145003  0.632056  0.324443  
促  0.885382  0.0182724  0.0581395  0.038206  
出  0.357195  0.0277248  0.347367  0.267713  
贡  0.992832  0  0.00358423  0.00358423  
献  0.183074  0.0397237  0.687392  0.08981  
将  0.0365364  0.00219218  0.0873219  0.87395  
怀  0.448718  0.0982906  0.384615  0.0683761  
创  0.805226  0.0213777  0.0768013  0.0965954  
绩  0.00597015  0  0.99403  0  
尽  0.694974  0.129983  0.0589255  0.116118  
管  0.644305  0.0371622  0.268822  0.0497104  
还  0.271668  0.00465983  0.0205033  0.703169  
面  0.24969  0.0300496  0.693618  0.0266419  
少  0.220159  0.125995  0.495358  0.158488  
困  0.442424  0.150168  0.4  0.00740741  
难  0.318432  0.0790922  0.466988  0.135488  
但  0.157401  0.00133958  0.0455459  0.795713  
引  0.708931  0.0815877  0.16538  0.0441014  
０  0.0210965  0.523803  0.454407  0.000693963  
就  0.155883  0.00842612  0.0595847  0.776106  
累  0.429245  0.0471698  0.429245  0.0943396  
丰  0.76908  0.127202  0.0665362  0.037182  
富  0.318919  0.127027  0.466216  0.0878378  
验  0.0844371  0.0678808  0.839404  0.00827815  
种  0.136067  0.0134151  0.527022  0.323496  
条  0.421206  0.0501089  0.0580973  0.470588  
件  0.000745156  0.00298063  0.797317  0.198957  
能  0.217107  0.0385243  0.283056  0.461312  
够  0.00952381  0  0.863492  0.126984  
克  0.351807  0.13253  0.485944  0.0297189  
服  0.784298  0.0297521  0.177686  0.00826446  
只  0.516156  0.0074565  0.0124275  0.46396  
思  0.737403  0.121124  0.128876  0.0125969  
想  0.134856  0.0434783  0.554901  0.266765  
实  0.645716  0.0595911  0.288169  0.00652458  
求  0.0611559  0.0954301  0.798387  0.0450269  
抓  0.479032  0.0419355  0.124194  0.354839  
住  0.48105  0.0145773  0.282799  0.221574  
机  0.524482  0.0797238  0.387947  0.00784683  
遇  0.34471  0.00682594  0.525597  0.122867  
拓  0.263158  0.166667  0.561404  0.00877193  
道  0.17094  0.0589294  0.699505  0.0706253  
路  0.180512  0.0855715  0.594004  0.139913  
越  0.410691  0.0286832  0.342894  0.217731  
宽  0.398693  0.0457516  0.30719  0.248366  
祖  0.908497  0.0283224  0.0610022  0.00217865  
完  0.888649  0.00648649  0.00108108  0.103784  
统  0.386512  0.0534884  0.556279  0.00372093  
内  0.389227  0.118593  0.268462  0.223719  
体  0.454356  0.0454951  0.497472  0.00267618  
葡  0.909091  0  0  0.0909091  
基  0.875814  0.0706977  0.0506977  0.0027907  
回  0.752483  0.0157285  0.0985099  0.133278  
归  0.36246  0.0550162  0.440129  0.142395  
土  0.570968  0.0887097  0.262903  0.0774194  
可  0.561424  0.107981  0.0669014  0.263693  
割  0.0434783  0.130435  0.565217  0.26087  
部  0.330266  0.0829848  0.55563  0.0311193  
所  0.291667  0.0905018  0.219086  0.398746  
任  0.370217  0.0703206  0.47001  0.0894519  
何  0.106808  0.036385  0.637324  0.219484  
造  0.350548  0.0829421  0.546166  0.0203443  
独  0.724609  0.144531  0.0800781  0.0507812  
立  0.24395  0.0488867  0.684898  0.0222652  
谋  0.368984  0.326203  0.187166  0.117647  
更  0.239145  0.0259235  0.00518471  0.729747  
失  0.48254  0.0412698  0.449206  0.0269841  
败  0.0537313  0.0358209  0.853731  0.0567164  
当  0.552205  0.0316623  0.24689  0.169242  
为  0.0980481  0.0184975  0.351793  0.531661  
拿  0.0507463  0.331343  0.0149254  0.602985  
意  0.494168  0.0530223  0.427359  0.0254507  
采  0.907674  0.0119904  0.0683453  0.0119904  
岸  0.0353635  0.00982318  0.946955  0.00785855  
员  0.0157152  0.175112  0.805324  0.00384862  
往  0.258108  0.0256757  0.521622  0.194595  
直  0.587629  0.091638  0.287514  0.0332188  
接  0.550211  0.028692  0.365401  0.0556962  
邮  0.895082  0.0491803  0.0557377  0  
航  0.667391  0.1  0.232609  0  
商  0.607167  0.0872211  0.292089  0.0135227  
早  0.432323  0.0121212  0.232323  0.323232  
原  0.718545  0.0254545  0.142545  0.113455  
则  0.00521512  0.0156454  0.531943  0.447197  
下  0.409274  0.0452962  0.206379  0.339051  
谈  0.293873  0.110073  0.400831  0.195223  
判  0.224784  0.0605187  0.70317  0.0115274  
郑  0.446602  0.0145631  0.00970874  0.529126  
呼  0.648571  0.191429  0.14  0.02  
吁  0  0.0173913  0.982609  0  
环  0.781751  0.0456227  0.131936  0.0406905  
顾  0.303951  0.0759878  0.458967  0.161094  
球  0.127321  0.179045  0.664456  0.0291777  
益  0.019  0.044  0.936  0.001  
密  0.419811  0.0778302  0.488208  0.0141509  
切  0.293902  0.052439  0.621951  0.0317073  
联  0.695219  0.126494  0.166833  0.0114542  
异  0.428571  0.147619  0.414286  0.00952381  
科  0.763223  0.12314  0.106198  0.00743802  
提  0.707346  0.0101049  0.033424  0.249126  
供  0.380652  0.0262881  0.542587  0.0504732  
安  0.579517  0.118168  0.250123  0.052191  
宁  0.247951  0.223361  0.383197  0.145492  
南  0.376846  0.217723  0.335874  0.0695569  
北  0.723948  0.101794  0.160455  0.0138026  
间  0.0336645  0.0264901  0.796358  0.143488  
贫  0.508432  0.0893761  0.389545  0.0126476  
差  0.408669  0.0402477  0.321981  0.229102  
距  0.287425  0.0538922  0.437126  0.221557  
；  0  0  0  1  
冲  0.754647  0.0223048  0.0557621  0.167286  
突  0.822848  0.0264901  0.142384  0.00827815  
公  0.761098  0.205543  0.0300231  0.0033359  
理  0.183329  0.0883908  0.721984  0.00629564  
旧  0.156379  0.119342  0.251029  0.473251  
秩  0.973913  0.026087  0  0  
序  0.148014  0.0685921  0.758123  0.0252708  
没  0.775821  0.0104083  0.0216173  0.192154  
根  0.74789  0.0727848  0.100211  0.0791139  
变  0.444996  0.019024  0.381307  0.154673  
激  0.808511  0.0478723  0.130319  0.0132979  
烈  0.0891089  0.0445545  0.858911  0.00742574  
竞  0.971739  0.00652174  0  0.0217391  
争  0.221761  0.0847176  0.637043  0.0564784  
仍  0.274463  0  0.00238663  0.72315  
处  0.415149  0.0305899  0.427531  0.12673  
弱  0.157143  0.0809524  0.67619  0.0857143  
位  0.0867303  0.00823938  0.547702  0.357329  
类  0.100149  0.0239163  0.718984  0.156951  
存  0.600977  0.0521173  0.298046  0.0488599  
威  0.421222  0.176849  0.389068  0.0128617  
胁  0.0175439  0.0350877  0.947368  0  
挑  0.869565  0.0271739  0  0.103261  
战  0.589802  0.126346  0.264023  0.01983  
景  0.301294  0.077634  0.597043  0.0240296  
也  0.0336077  0.0181756  0.00102881  0.947188  
帆  0.217391  0.130435  0.434783  0.217391  
键  0.0147783  0.0147783  0.970443  0  
团  0.284211  0.0842105  0.606648  0.0249307  
起  0.260025  0.0260438  0.315833  0.398098  
坚  0.837466  0.0899908  0.0697888  0.00275482  
奉  0.661654  0.195489  0.0977444  0.0451128  
策  0.0566239  0.0502137  0.888889  0.0042735  
础  0  0.0389171  0.961083  0  
协  0.600317  0.0198255  0.379857  0  
调  0.60989  0.0175824  0.343956  0.0285714  
贸  0.439628  0.184211  0.371517  0.00464396  
护  0.0856721  0.132939  0.769572  0.0118168  
境  0.152833  0.0131752  0.827404  0.00658762  
消  0.861578  0.00646831  0.122898  0.00905563  
除  0.349624  0.0225564  0.43609  0.191729  
打  0.645485  0.0457079  0.0590858  0.249721  
击  0.0738095  0.145238  0.766667  0.0142857  
犯  0.687961  0.0540541  0.194103  0.0638821  
罪  0.108108  0.0459459  0.810811  0.0351351  
永  0.867868  0.027027  0.027027  0.0780781  
远  0.298817  0.102071  0.465976  0.133136  
维  0.705539  0.119534  0.170554  0.00437318  
量  0.0138812  0.0105497  0.962798  0.0127707  
久  0.106383  0.239362  0.539894  0.114362  
而  0.17577  0.0808824  0.188025  0.555322  
懈  0.0617284  0.160494  0.777778  0  
辞  0.520468  0.169591  0.274854  0.0350877  
迎  0.377133  0.056314  0.392491  0.174061  
刻  0.113757  0.0634921  0.793651  0.0291005  
快  0.28754  0.0223642  0.527157  0.162939  
乐  0.220464  0.329114  0.415612  0.0348101  
庭  0.04  0.0225  0.9225  0.015  
幸  0.706667  0.0266667  0.253333  0.0133333  
福  0.555556  0.0268199  0.383142  0.0344828  
谢  0.203226  0.0419355  0.493548  0.26129  
！  0  0  0  1  
京  0.142259  0.109205  0.646025  0.10251  
胜  0.344262  0.0936768  0.398126  0.163934  
元  0.0867614  0.0344054  0.317876  0.560957  
旦  0.00344828  0.144828  0.844828  0.00689655  
即  0.341506  0.00875657  0.252189  0.397548  
喜  0.585895  0.141049  0.166365  0.106691  
悦  0.115385  0.0384615  0.730769  0.115385  
送  0.164663  0.0264423  0.221154  0.58774  
牛  0.428571  0.0765306  0.142857  0.352041  
昂  0.488889  0.2  0.244444  0.0666667  
扬  0.103896  0.12987  0.701299  0.0649351  
斗  0.426871  0.0697279  0.47619  0.0272109  
虎  0.504348  0.0913043  0.206522  0.197826  
刚  0.321078  0.00245098  0.384804  0.291667  
去  0.431714  0.00412466  0.293309  0.270852  
气  0.352628  0.107388  0.512567  0.0274181  
磅  0.0833333  0.583333  0.0833333  0.25  
礴  0  0  1  0  
澜  0.703125  0.109375  0.1875  0  
壮  0.647343  0.154589  0.144928  0.0531401  
阔  0.0731707  0.138211  0.780488  0.00813008  
核  0.803175  0.031746  0.134921  0.0301587  
移  0.552239  0.0238806  0.340299  0.0835821  
沿  0.653266  0.0201005  0.125628  0.201005  
着  0.0782215  0.0049403  0.230548  0.686291  
写  0.168651  0.00793651  0.267857  0.555556  
辉  0.373272  0.0829493  0.456221  0.0875576  
煌  0  0.0107527  0.989247  0  
篇  0.135514  0.172897  0.163551  0.528037  
章  0.0555556  0.0511111  0.722222  0.171111  
办  0.412618  0.015142  0.357729  0.214511  
圆  0.555556  0.140351  0.146199  0.157895  
危  0.908738  0.0446602  0.0446602  0.00194175  
浪  0.465116  0.267442  0.151163  0.116279  
许  0.619355  0.0225806  0.207527  0.150538  
形  0.84927  0.0405046  0.0929615  0.0172643  
整  0.520938  0.0335008  0.428811  0.0167504  
破  0.361266  0.126629  0.459963  0.0521415  
践  0.00668896  0.0334448  0.953177  0.00668896  
亿  0.0322108  0.00439239  0.869693  0.0937042  
万  0.0889088  0.0565784  0.66502  0.189493  
仰  0.240741  0.0925926  0.574074  0.0925926  
赖  0.0117647  0.0705882  0.635294  0.282353  
贯  0.834302  0.0319767  0.133721  0  
彻  0.212465  0.0141643  0.767705  0.00566572  
落  0.642677  0.0568182  0.222222  0.0782828  
务  0.0298404  0.300486  0.66898  0.000693963  
线  0.117284  0.0493827  0.70679  0.126543  
矛  0.958333  0.0277778  0.0138889  0  
盾  0.00497512  0.00497512  0.895522  0.0945274  
待  0.116379  0.269397  0.534483  0.0797414  
已  0.218866  0.00325279  0.0399628  0.737918  
入  0.0849785  0.0317597  0.837768  0.0454936  
攻  0.746411  0.0239234  0.172249  0.0574163  
阶  0.628505  0.296729  0.0747664  0  
段  0.00391645  0.0248042  0.672324  0.298956  
必  0.859918  0.0419223  0.0695297  0.0286299  
须  0.0177419  0.00645161  0.91129  0.0645161  
学  0.409227  0.15248  0.4  0.038293  
习  0.154499  0.0186757  0.818336  0.00848896  
掌  0.858757  0.0225989  0.107345  0.0112994  
握  0.111111  0.0144928  0.777778  0.0966184  
揽  0  0.553571  0.267857  0.178571  
署  0.0470588  0  0.935294  0.0176471  
狠  0.829268  0  0.0731707  0.097561  
艰  0.723898  0.259861  0.0162413  0  
苦  0.184874  0.287815  0.434874  0.092437  
奋  0.492857  0.335714  0.164286  0.00714286  
夺  0.552486  0.116022  0.20442  0.127072  
今  0.813543  0.0162136  0.150215  0.0200286  
届  0.0424144  0.00489396  0.192496  0.760196  
转  0.755365  0.0386266  0.135193  0.0708155  
折  0.231481  0.111111  0.583333  0.0740741  
里  0.0414226  0.0857741  0.50795  0.364854  
优  0.909091  0.0328283  0.0244108  0.03367  
传  0.644882  0.0779528  0.250394  0.0267717  
具  0.753672  0.0463277  0.129944  0.0700565  
髓  0  0.1  0.9  0  
证  0.485739  0.0518583  0.454624  0.00777874  
才  0.0531915  0.0425532  0.352128  0.552128  
或  0.263666  0.0107181  0.00857449  0.717042  
观  0.524279  0.022003  0.437026  0.016692  
念  0.031746  0.152778  0.787698  0.0277778  
束  0.086262  0.0383387  0.833866  0.0415335  
缚  0  0  1  0  
真  0.498519  0.076999  0.318855  0.105627  
做  0.490265  0.00353982  0.0442478  0.461947  
尊  0.745  0.105  0.085  0.065  
认  0.908367  0.00863214  0.0743692  0.00863214  
识  0.00347625  0.107764  0.873696  0.0150637  
客  0.496042  0.0395778  0.449868  0.0145119  
规  0.82649  0.086755  0.0860927  0.000662252  
律  0.0664506  0.123177  0.810373  0  
勇  0.45  0.105  0.29  0.155  
程  0.130599  0.0366972  0.799784  0.0329196  
碑  0.0833333  0.0416667  0.729167  0.145833  
硕  0.622951  0.0327869  0.311475  0.0327869  
点  0.0392781  0.0477707  0.768577  0.144374  
容  0.215789  0.0964912  0.682456  0.00526316  
后  0.101485  0.0210396  0.438738  0.438738  
否  0.266904  0.00355872  0.718861  0.0106762  
然  0.183763  0.117684  0.694147  0.00440529  
看  0.472884  0.0026455  0.140873  0.383598  
搞  0.348348  0  0  0.651652  
级  0.0106626  0.0746382  0.818736  0.0959634  
干  0.690716  0.0637584  0.116331  0.129195  
集  0.708502  0.0902256  0.168305  0.032967  
水  0.616106  0.0809544  0.209629  0.0933106  
手  0.345442  0.0562029  0.482522  0.115833  
硬  0.411765  0.0718954  0.254902  0.261438  
离  0.376  0.04  0.402  0.182  
依  0.882789  0.0563798  0.0385757  0.0222552  
据  0.0639269  0.0313927  0.33847  0.56621  
初  0.421833  0.153639  0.179245  0.245283  
论  0.13527  0.0622407  0.757676  0.0448133  
群  0.834959  0.0397599  0.0915229  0.0337584  
众  0.090623  0.0553807  0.846444  0.00755192  
又  0  0.000761035  0.000761035  0.998478  
样  0.039834  0.0688797  0.881328  0.00995851  
疾  0.575472  0.207547  0.216981  0  
倡  0.437956  0.175182  0.386861  0  
鼓  0.741611  0.124161  0.107383  0.0268456  
劲  0.233333  0.00833333  0.608333  0.15  
效  0.363144  0.133695  0.495935  0.00722674  
止  0.0306905  0.0153453  0.913043  0.0409207  
追  0.852174  0.026087  0.0130435  0.108696  
花  0.385882  0.156471  0.309412  0.148235  
架  0.181818  0.0562771  0.415584  0.34632  
子  0.0836337  0.0468637  0.864816  0.00468637  
杜  0.35  0.125  0  0.525  
绝  0.459384  0.10084  0.408964  0.0308123  
脱  0.563679  0.169811  0.198113  0.0683962  
浮  0.635417  0.114583  0.166667  0.0833333  
躁  0.0909091  0  0.909091  0  
虚  0.513274  0.238938  0.150442  0.0973451  
夸  0.615385  0.211538  0.0961538  0.0769231  
官  0.652614  0.0455312  0.25801  0.0438449  
僚  0.0416667  0.625  0.333333  0  
因  0.551806  0.0260509  0.207815  0.214328  
此  0.298895  0.0701657  0.335912  0.295028  
牢  0.666667  0.0128205  0.282051  0.0384615  
宗  0.821101  0.00458716  0.0963303  0.0779817  
旨  0.407767  0  0.592233  0  
勤  0.298319  0.214286  0.457983  0.0294118  
廉  0.618056  0.145833  0.184028  0.0520833  
身  0.390316  0.101779  0.4417  0.0662055  
率  0.131129  0.0148233  0.825542  0.0285063  
９  0.368817  0.445836  0.132749  0.0525986  
８  0.379879  0.317757  0.213304  0.0890599  
瞩  0.454545  0.424242  0.121212  0  
催  0.5  0.204545  0  0.295455  
征  0.508651  0.0449827  0.418685  0.0276817  
途  0.457547  0.113208  0.419811  0.00943396  
英  0.647059  0.0311419  0.191465  0.130334  
雄  0.33617  0.106383  0.52766  0.0297872  
扎  0.484018  0.296804  0.0730594  0.146119  
李  0.0236511  0.00295639  0.0118256  0.961567  
鹏  0.0446735  0.0103093  0.14433  0.800687  
乔  0.2  0.123077  0.0153846  0.661538  
石  0.568627  0.0915033  0.141176  0.198693  
朱  0.0251046  0.0167364  0.0041841  0.953975  
F  1  0  0  0  
瑞  0.637584  0.174497  0.161074  0.0268456  
刘  0.0553459  0.00251572  0.00251572  0.939623  
清  0.571429  0.0560847  0.295238  0.0772487  
尉  0.0352941  0  0.0470588  0.917647  
健  0.706821  0.04209  0.182874  0.0682148  
岚  0.947761  0.00746269  0.0298507  0.0149254  
名  0.247075  0.0608329  0.232569  0.459523  
劳  0.733216  0.160777  0.0954064  0.0106007  
模  0.365206  0.0770252  0.556441  0.00132802  
范  0.229114  0.125316  0.582278  0.0632911  
欣  0.55  0.166667  0.133333  0.15  
赏  0.0461538  0.138462  0.776923  0.0384615  
’  0.289216  0  0  0.710784  
音  0.615217  0.0804348  0.286957  0.0173913  
彩  0.391089  0.0965347  0.492574  0.019802  
节  0.364721  0.0285146  0.591512  0.015252  
演  0.637363  0.0549451  0.261738  0.045954  
影  0.667984  0.0474308  0.277668  0.006917  
樊  0  0.243902  0.317073  0.439024  
如  0.564835  0.0917582  0.145055  0.198352  
钧  0.294118  0  0.647059  0.0588235  
报  0.369933  0.0292617  0.566174  0.0346309  
讯  0.00120627  0.026538  0.138721  0.833534  
陈  0.0948905  0.0131387  0.00437956  0.887591  
雁  0.211538  0.0384615  0.442308  0.307692  
：  0  0  0  1  
晚  0.60597  0.0149254  0.208955  0.170149  
堂  0.042042  0.045045  0.882883  0.03003  
声  0.317037  0.08  0.515556  0.0874074  
街  0.507837  0.0815047  0.291536  0.119122  
溢  0.107143  0.232143  0.553571  0.107143  
火  0.525988  0.141372  0.264033  0.0686071  
树  0.440758  0.0521327  0.291469  0.21564  
银  0.898618  0.0403226  0.0241935  0.0368664  
灯  0.326284  0.0936556  0.477341  0.102719  
欢  0.674847  0.170245  0.144172  0.0107362  
祥  0.335227  0.0909091  0.539773  0.0340909  
庆  0.362573  0.0779727  0.481481  0.0779727  
氛  0.288591  0  0.711409  0  
场  0.0494017  0.0908254  0.783983  0.0757901  
由  0.286299  0.0470348  0.0751534  0.591513  
市  0.463457  0.0604357  0.411455  0.0646521  
委  0.28425  0.173435  0.541556  0.000759013  
宣  0.916786  0.061693  0.0143472  0.0071736  
厅  0.0711744  0.00711744  0.886121  0.0355872  
单  0.746881  0.0231729  0.179144  0.0508021  
携  0.666667  0.125  0  0.208333  
奏  0.0720721  0.153153  0.711712  0.0630631  
著  0.541451  0.015544  0.430052  0.0129534  
响  0.0638853  0.0638853  0.829205  0.0430248  
袂  0  0  1  0  
挥  0.0670498  0.0977011  0.818008  0.0172414  
佐  0.219512  0.268293  0.512195  0  
湟  0.333333  0  0.666667  0  
燮  0.857143  0  0  0.142857  
阳  0.134725  0.275142  0.555977  0.0341556  
谭  0.0392157  0  0.0392157  0.921569  
批  0.449353  0.0215517  0.134698  0.394397  
曲  0.14497  0.0976331  0.656805  0.100592  
沪  0.272727  0  0  0.727273  
型  0.0128505  0.0186916  0.945093  0.0233645  
队  0.156607  0.0135943  0.777597  0.0522023  
饱  0.315217  0.184783  0.456522  0.0434783  
湛  0.52  0  0.48  0  
艺  0.675222  0.0858835  0.237907  0.000987167  
准  0.360184  0.0333717  0.561565  0.0448792  
弦  0.0285714  0.4  0.571429  0  
颂  0.333333  0  0.515152  0.151515  
拉  0.180375  0.629149  0.119048  0.0714286  
帷  0.947368  0.0526316  0  0  
幕  0.019802  0.0990099  0.811881  0.0693069  
舒  0.666667  0.05  0.05  0.233333  
仿  0.75641  0  0.102564  0.141026  
佛  0.344828  0.0775862  0.525862  0.0517241  
星  0.261468  0.144495  0.518349  0.0756881  
天  0.276775  0.0583634  0.495487  0.169374  
城  0.549433  0.0834684  0.323339  0.0437601  
楼  0.186047  0.0631229  0.501661  0.249169  
冉  0.333333  0  0.333333  0.333333  
升  0.286667  0.0511111  0.566667  0.0955556  
听  0.533666  0.0199501  0.142145  0.304239  
脚  0.359477  0.228758  0.196078  0.215686  
钢  0.679104  0.0858209  0.205224  0.0298507  
琴  0.0135135  0.0135135  0.939189  0.0337838  
品  0.119444  0.0376984  0.837698  0.00515873  
珠  0.493056  0.131944  0.326389  0.0486111  
耳  0.255952  0.577381  0.0952381  0.0714286  
熟  0.457317  0.054878  0.457317  0.0304878  
详  0.690909  0  0.272727  0.0363636  
歌  0.532091  0.0724638  0.240166  0.15528  
编  0.706186  0.0335052  0.221649  0.0386598  
器  0.0865562  0.0368324  0.876611  0  
感  0.692906  0.0379009  0.233236  0.0359572  
旋  0.407407  0.234568  0.333333  0.0246914  
抒  0.833333  0.125  0  0.0416667  
洗  0.483146  0.0561798  0.202247  0.258427  
雪  0.2625  0.0928571  0.451786  0.192857  
耻  0.153846  0  0.769231  0.0769231  
辱  0.08  0.16  0.72  0.04  
专  0.908703  0.0383959  0.03157  0.0213311  
唱  0.0793651  0.126984  0.369048  0.424603  
迪  0.132231  0.330579  0.528926  0.00826446  
拜  0.578704  0.180556  0.0787037  0.162037  
尔  0.0111576  0.516039  0.472803  0  
春  0.596169  0.0283525  0.31954  0.0559387  
带  0.575626  0.0141458  0.176279  0.23395  
象  0.0943396  0.0731132  0.829009  0.00353774  
田  0.127953  0.0905512  0.572835  0.208661  
野  0.402715  0.081448  0.475113  0.040724  
山  0.431985  0.151348  0.362132  0.0545343  
谷  0.220472  0.110236  0.496063  0.173228  
享  0.772727  0.0170455  0.176136  0.0340909  
誉  0.15534  0.0533981  0.781553  0.00970874  
坛  0.0148148  0.037037  0.940741  0.00740741  
男  0.764912  0.0631579  0.0175439  0.154386  
莫  0.64574  0.210762  0.0403587  0.103139  
伦  0.503817  0.290076  0.198473  0.00763359  
剧  0.219953  0.105263  0.65436  0.0204242  
朵  0.0857143  0.0857143  0.571429  0.257143  
选  0.63325  0.0334169  0.292398  0.0409357  
夜  0.288344  0.0797546  0.40184  0.230061  
无  0.554885  0.218938  0.0138721  0.212304  
睡  0.27907  0  0.27907  0.44186  
迷  0.57732  0.103093  0.257732  0.0618557  
梁  0.0375  0.0333333  0.441667  0.4875  
伯  0.362385  0.165138  0.472477  0  
四  0.345907  0.14366  0.188604  0.32183  
诗  0.472727  0.0545455  0.281818  0.190909  
马  0.367188  0.251116  0.151786  0.229911  
松  0.320574  0.0239234  0.5311  0.124402  
座  0.36962  0.0481013  0.164557  0.417722  
被  0.125  0.0181034  0.0405172  0.816379  
息  0.010219  0.0919708  0.89635  0.00145985  
热  0.761074  0.0818792  0.0885906  0.0684564  
频  0.714286  0.0119048  0.22619  0.047619  
返  0.510638  0.0106383  0.382979  0.0957447  
娘  0.14  0.01  0.81  0.04  
军  0.425174  0.0943009  0.428454  0.0520705  
白  0.454545  0.113208  0.197256  0.234991  
毛  0.218623  0.133603  0.0890688  0.558704  
寨  0.0307692  0.153846  0.815385  0  
达  0.296211  0.0774971  0.256028  0.370264  
潮  0.242009  0.0456621  0.643836  0.0684932  
舞  0.447257  0.124473  0.367089  0.0611814  
亲  0.557084  0.0330124  0.387895  0.0220083  
见  0.0857393  0.063867  0.63867  0.211724  
贺  0.442907  0.0103806  0.377163  0.16955  
留  0.487356  0.0551724  0.296552  0.16092  
铁  0.835821  0.0317164  0.110075  0.0223881  
映  0.0688623  0.0538922  0.844311  0.0329341  
贾  0.0606061  0.0808081  0.040404  0.818182  
林  0.141346  0.240385  0.422115  0.196154  
曾  0.126761  0.00201207  0.0321932  0.839034  
考  0.741486  0.0371517  0.20743  0.0139319  
察  0.0225989  0.440678  0.53484  0.00188324  
职  0.789267  0.078534  0.117147  0.0150524  
守  0.245136  0.0972763  0.544747  0.11284  
岗  0.234991  0.0325901  0.67753  0.0548885  
示  0.0864094  0.0167785  0.891779  0.00503356  
振  0.872659  0.0561798  0.0561798  0.0149813  
宿  0.724138  0.0517241  0.206897  0.0172414  
）  0  0.000833333  0.00916667  0.99  
院  0.0986737  0.0175066  0.860477  0.0233422  
午  0.0531915  0  0.946809  0  
厂  0.174797  0.0121951  0.609756  0.203252  
慰  0.902778  0  0.09375  0.00347222  
九  0.350294  0.131115  0.2818  0.236791  
陪  0.756757  0  0.0675676  0.175676  
西  0.499737  0.203791  0.273302  0.0231701  
郊  0.343284  0.0298507  0.626866  0  
始  0.177322  0.0373945  0.761158  0.0241255  
司  0.110286  0.019088  0.865854  0.004772  
骨  0.690789  0.111842  0.164474  0.0328947  
担  0.4625  0.0166667  0.489583  0.03125  
装  0.26699  0.168285  0.501618  0.0631068  
千  0.316084  0.26993  0.198601  0.215385  
瓦  0.202614  0.522876  0.235294  0.0392157  
八  0.305707  0.150815  0.259511  0.283967  
米  0.0942623  0.0478142  0.36612  0.491803  
检  0.876667  0.0166667  0.0966667  0.01  
查  0.204082  0.0496894  0.7063  0.039929  
属  0.214876  0.0392562  0.578512  0.167355  
负  0.768392  0.0354223  0.107629  0.0885559  
责  0.415669  0.16975  0.404788  0.00979325  
细  0.466403  0.146245  0.300395  0.0869565  
询  0.273381  0.0647482  0.654676  0.00719424  
网  0.419162  0.0339321  0.479042  0.0678643  
随  0.749158  0.0774411  0.0824916  0.0909091  
运  0.630868  0.134424  0.199147  0.0355619  
号  0.210526  0.0175439  0.467105  0.304825  
控  0.577007  0.00867679  0.409978  0.00433839  
室  0.11831  0.0084507  0.850704  0.0225352  
『  0  0  0  1  
轻  0.303828  0.172249  0.444976  0.0789474  
孔  0.168224  0.0280374  0.233645  0.570093  
老  0.613829  0.104371  0.0854534  0.196347  
退  0.572881  0.176271  0.135593  0.115254  
Ａ  0.130435  0.057971  0.369565  0.442029  
Ｂ  0.295455  0.181818  0.125  0.397727  
你  0.190612  0.00284495  0.0227596  0.783784  
障  0.174603  0.0515873  0.77381  0  
己  0.00720165  0.0133745  0.967078  0.0123457  
闸  0.105263  0.105263  0.526316  0.263158  
限  0.300901  0.344144  0.345946  0.00900901  
靠  0.0762463  0.0322581  0.398827  0.492669  
休  0.322275  0.118483  0.549763  0.00947867  
郭  0  0.00806452  0  0.991935  
闫  0  0  0.25  0.75  
戌  0.666667  0  0.333333  0  
麟  0.1875  0.125  0.65625  0.03125  
师  0.147059  0.0743034  0.749226  0.0294118  
从  0.234058  0.0130435  0.0213768  0.731522  
伴  0.275229  0.0183486  0.637615  0.0688073  
抚  0.666667  0.142857  0.166667  0.0238095  
养  0.323129  0.0459184  0.540816  0.0901361  
欠  0.378788  0  0.151515  0.469697  
佳  0.554585  0.0349345  0.310044  0.100437  
孙  0.0884354  0.0272109  0.180272  0.704082  
倾  0.889764  0.015748  0.023622  0.0708661  
肯  0.766871  0.00613497  0.0797546  0.147239  
孩  0.857506  0.0229008  0.117048  0.00254453  
溺  0.5  0  0.5  0  
爱  0.402878  0.13789  0.276978  0.182254  
让  0.0785256  0.0112179  0.0849359  0.825321  
康  0.0984683  0.0284464  0.824945  0.04814  
评  0.649856  0.0144092  0.293948  0.0417867  
房  0.220021  0.0364964  0.703858  0.0396246  
奔  0.508065  0.0806452  0.0645161  0.346774  
忆  0.0246914  0.0987654  0.82716  0.0493827  
比  0.519923  0.0642674  0.0989717  0.316838  
计  0.409305  0.109541  0.463486  0.0176678  
较  0.0860215  0  0.260753  0.653226  
什  0.752294  0.18578  0.0619266  0  
么  0  0.0363409  0.961153  0.00250627  
私  0.516129  0.0967742  0.304985  0.0821114  
丢  0.447368  0.0789474  0  0.473684  
桢  0  0  1  0  
严  0.836629  0.0208117  0.0978148  0.0447451  
秀  0.201087  0.0326087  0.758152  0.00815217  
挂  0.393617  0.0319149  0.170213  0.404255  
徽  0.0166667  0.4  0.566667  0.0166667  
省  0.280404  0.00826067  0.561267  0.150069  
肥  0.30625  0.13125  0.525  0.0375  
悬  0.735849  0.0943396  0  0.169811  
盏  0.0333333  0.0333333  0.133333  0.8  
笼  0.269841  0.015873  0.650794  0.0634921  
营  0.231541  0.0993619  0.658159  0.0109389  
凌  0.518987  0.0253165  0.329114  0.126582  
空  0.461235  0.157687  0.34954  0.0315375  
戴  0.0851064  0.035461  0.134752  0.744681  
浩  0.56  0.293333  0.08  0.0666667  
勉  0.560976  0.0487805  0.365854  0.0243902  
励  0.0229885  0.0191571  0.950192  0.00766284  
用  0.122254  0.0397962  0.592486  0.245463  
宏  0.87372  0.0341297  0.0648464  0.0273038  
投  0.954875  0.0128928  0.00483481  0.0273973  
